26
27
28
30
1323
1324
1328
1336
1337
1373
1375
1376
1377
1378
1379
1381
1382
1397
1398
1399
1400
1401
1402
1403
1404
1405
1406
1407
1408
1409
1410
1411
1412
1413
1414
1415
1416
1417
1418
1419
1420
1422
1424
1425
1427
1428
1429
1430
1431
1432
1433
1434
1435
1444
1445
1457
1460
1473
1477
1481
1484
1486
1487
1488
1489
1490
1491
1493
1495
1497
1498
1499
1500
1501
1506
1507
1509
1511
1512
1513
1514
1531
1532
1534
1535
1536
1537
1539
1557
1558
1561
1562
1563
1565
1567
1572
1577
1578
1587
1601
